[gd_scene load_steps=57 format=3 uid="uid://botn0f662u24g"]

[ext_resource type="PackedScene" uid="uid://bkq2l4xicj4gv" path="res://game/playerLoliRiggedClean.glb" id="1_yju8k"]

[sub_resource type="CapsuleShape3D" id="CapsuleShape3D_owkvp"]
radius = 0.0148666
height = 0.148666

[sub_resource type="CapsuleShape3D" id="CapsuleShape3D_n0wq0"]
radius = 0.0109627
height = 0.109627

[sub_resource type="CapsuleShape3D" id="CapsuleShape3D_t6u5l"]
radius = 0.0175794
height = 0.175794

[sub_resource type="CapsuleShape3D" id="CapsuleShape3D_3mjvd"]
radius = 0.00677588
height = 0.0677588

[sub_resource type="CapsuleShape3D" id="CapsuleShape3D_vfhby"]
radius = 0.123098
height = 1.23098

[sub_resource type="CapsuleShape3D" id="CapsuleShape3D_mm5h2"]
radius = 0.00755657
height = 0.0755657

[sub_resource type="CapsuleShape3D" id="CapsuleShape3D_f0enk"]
radius = 0.023616
height = 0.23616

[sub_resource type="CapsuleShape3D" id="CapsuleShape3D_ikylg"]
radius = 0.0214275
height = 0.214275

[sub_resource type="CapsuleShape3D" id="CapsuleShape3D_kjcpf"]
radius = 0.00198418
height = 0.0198418

[sub_resource type="CapsuleShape3D" id="CapsuleShape3D_a5loa"]
radius = 0.0042146
height = 0.042146

[sub_resource type="CapsuleShape3D" id="CapsuleShape3D_5dtkn"]
radius = 0.00367677
height = 0.0367677

[sub_resource type="CapsuleShape3D" id="CapsuleShape3D_ec6e8"]
radius = 0.00205652
height = 0.0205652

[sub_resource type="CapsuleShape3D" id="CapsuleShape3D_o5nwr"]
radius = 0.00329074
height = 0.0329074

[sub_resource type="CapsuleShape3D" id="CapsuleShape3D_2q55b"]
radius = 0.00316028
height = 0.0316028

[sub_resource type="CapsuleShape3D" id="CapsuleShape3D_psm2k"]
radius = 0.00289665
height = 0.0289665

[sub_resource type="CapsuleShape3D" id="CapsuleShape3D_3gqtr"]
radius = 0.00313322
height = 0.0313322

[sub_resource type="CapsuleShape3D" id="CapsuleShape3D_4tgnu"]
radius = 0.00340142
height = 0.0340142

[sub_resource type="CapsuleShape3D" id="CapsuleShape3D_r5wmp"]
radius = 0.00293781
height = 0.0293781

[sub_resource type="CapsuleShape3D" id="CapsuleShape3D_c2v4c"]
radius = 0.00266483
height = 0.0266483

[sub_resource type="CapsuleShape3D" id="CapsuleShape3D_36heo"]
radius = 0.00319958
height = 0.0319958

[sub_resource type="CapsuleShape3D" id="CapsuleShape3D_ob8hf"]
radius = 0.00281446
height = 0.0281446

[sub_resource type="CapsuleShape3D" id="CapsuleShape3D_0n1u5"]
radius = 0.00250293
height = 0.0250293

[sub_resource type="CapsuleShape3D" id="CapsuleShape3D_id8yw"]
radius = 0.00308574
height = 0.0308574

[sub_resource type="CapsuleShape3D" id="CapsuleShape3D_ipdti"]
radius = 0.00235409
height = 0.0235409

[sub_resource type="CapsuleShape3D" id="CapsuleShape3D_qxfnj"]
radius = 0.000306872
height = 0.00306872

[sub_resource type="CapsuleShape3D" id="CapsuleShape3D_hpxqx"]
radius = 0.00755657
height = 0.0755657

[sub_resource type="CapsuleShape3D" id="CapsuleShape3D_6brkg"]
radius = 0.023616
height = 0.23616

[sub_resource type="CapsuleShape3D" id="CapsuleShape3D_tyg27"]
radius = 0.0214275
height = 0.214275

[sub_resource type="CapsuleShape3D" id="CapsuleShape3D_ogaws"]
radius = 0.00736239
height = 0.0736239

[sub_resource type="CapsuleShape3D" id="CapsuleShape3D_xjiwa"]
radius = 0.00329073
height = 0.0329073

[sub_resource type="CapsuleShape3D" id="CapsuleShape3D_mkygp"]
radius = 0.00316028
height = 0.0316028

[sub_resource type="CapsuleShape3D" id="CapsuleShape3D_ay7jn"]
radius = 0.00289665
height = 0.0289665

[sub_resource type="CapsuleShape3D" id="CapsuleShape3D_my83d"]
radius = 0.00313322
height = 0.0313322

[sub_resource type="CapsuleShape3D" id="CapsuleShape3D_vt8fs"]
radius = 0.00340142
height = 0.0340142

[sub_resource type="CapsuleShape3D" id="CapsuleShape3D_2kj2x"]
radius = 0.00293781
height = 0.0293781

[sub_resource type="CapsuleShape3D" id="CapsuleShape3D_wmeal"]
radius = 0.00266484
height = 0.0266484

[sub_resource type="CapsuleShape3D" id="CapsuleShape3D_5c8bu"]
radius = 0.00319959
height = 0.0319959

[sub_resource type="CapsuleShape3D" id="CapsuleShape3D_iwwc1"]
radius = 0.00281446
height = 0.0281446

[sub_resource type="CapsuleShape3D" id="CapsuleShape3D_k86aq"]
radius = 0.00250293
height = 0.0250293

[sub_resource type="CapsuleShape3D" id="CapsuleShape3D_yw4ad"]
radius = 0.00308575
height = 0.0308575

[sub_resource type="CapsuleShape3D" id="CapsuleShape3D_rwmdk"]
radius = 0.00235408
height = 0.0235408

[sub_resource type="CapsuleShape3D" id="CapsuleShape3D_63vk1"]
radius = 0.0042146
height = 0.042146

[sub_resource type="CapsuleShape3D" id="CapsuleShape3D_jgqqs"]
radius = 0.00367677
height = 0.0367677

[sub_resource type="CapsuleShape3D" id="CapsuleShape3D_uuhlj"]
radius = 0.00205651
height = 0.0205651

[sub_resource type="CapsuleShape3D" id="CapsuleShape3D_4hltm"]
radius = 0.00258281
height = 0.0258281

[sub_resource type="CapsuleShape3D" id="CapsuleShape3D_1sshv"]
radius = 0.00607211
height = 0.0607211

[sub_resource type="CapsuleShape3D" id="CapsuleShape3D_qbycj"]
radius = 0.0329269
height = 0.329269

[sub_resource type="CapsuleShape3D" id="CapsuleShape3D_fvyk7"]
radius = 0.0317998
height = 0.317998

[sub_resource type="CapsuleShape3D" id="CapsuleShape3D_qb6nt"]
radius = 0.0123701
height = 0.123701

[sub_resource type="CapsuleShape3D" id="CapsuleShape3D_jdnjm"]
radius = 0.00848556
height = 0.0848557

[sub_resource type="CapsuleShape3D" id="CapsuleShape3D_3oine"]
radius = 0.00607211
height = 0.0607211

[sub_resource type="CapsuleShape3D" id="CapsuleShape3D_rlny5"]
radius = 0.0329269
height = 0.329269

[sub_resource type="CapsuleShape3D" id="CapsuleShape3D_nlp6k"]
radius = 0.0317998
height = 0.317998

[sub_resource type="CapsuleShape3D" id="CapsuleShape3D_4g1fs"]
radius = 0.0123701
height = 0.123701

[sub_resource type="CapsuleShape3D" id="CapsuleShape3D_o8c03"]
radius = 0.00848556
height = 0.0848556

[node name="playerLoliRiggedClean" instance=ExtResource("1_yju8k")]

[node name="Hair1" parent="PlayerSkelIK/Skeleton3D" index="0"]
transform = Transform3D(1, -1.93232e-10, -1.30063e-09, 1.93227e-10, 1, 8.19564e-08, 1.30068e-09, -5.21541e-08, 1, -3.19245e-09, -0.00868893, -0.00466059)

[node name="knife" parent="PlayerSkelIK/Skeleton3D" index="1"]
transform = Transform3D(1.2486, -0.0316922, -0.00381786, -0.00381611, 0.000115974, -1.249, 0.0316923, 1.24861, 1.90476e-05, -0.627972, 1.13352, -0.0409503)
visible = false

[node name="PhysicalBoneSimulator3D" type="PhysicalBoneSimulator3D" parent="PlayerSkelIK/Skeleton3D" index="26"]

[node name="Physical Bone Spine1" type="PhysicalBone3D" parent="PlayerSkelIK/Skeleton3D/PhysicalBoneSimulator3D" index="0"]
transform = Transform3D(1, 2.38418e-07, 9.94757e-14, 3.88578e-08, -0.162981, -0.986629, -2.35231e-07, 0.986629, -0.162981, 9.76997e-11, 0.797848, -0.00838584)
joint_type = 3
joint_offset = Transform3D(1, 0, 0, 0, 1, 0, 0, 0, 1, -9.77059e-11, -4.93234e-09, 0.0743335)
body_offset = Transform3D(1, -5.68434e-14, 1.3145e-13, 1.35003e-13, -1.3411e-07, -1, 1.42109e-14, 1, -1.3411e-07, 9.76961e-11, 0.0743335, 1.49012e-08)
bone_name = "Spine1"
joint_constraints/angular_limit_enabled = true
joint_constraints/angular_limit_upper = 90.0
joint_constraints/angular_limit_lower = -90.0
joint_constraints/angular_limit_bias = 0.3
joint_constraints/angular_limit_softness = 0.9
joint_constraints/angular_limit_relaxation = 1.0

[node name="CollisionShape3D" type="CollisionShape3D" parent="PlayerSkelIK/Skeleton3D/PhysicalBoneSimulator3D/Physical Bone Spine1" index="0"]
transform = Transform3D(1, 0, 0, 0, 0, 1, 0, -1, 0, 0, 0, 0)
shape = SubResource("CapsuleShape3D_owkvp")

[node name="Physical Bone Spine2" type="PhysicalBone3D" parent="PlayerSkelIK/Skeleton3D/PhysicalBoneSimulator3D" index="1"]
transform = Transform3D(-0.0203657, -0.0622129, 0.997855, 0.999793, -0.00126701, 0.0203262, -2.57045e-07, 0.998062, 0.0622258, 1.18661e-13, 0.925896, 0.00031836)
joint_type = 3
joint_offset = Transform3D(1, 0, 0, 0, 1, 0, 0, 0, 1, -0.0546974, 0.00347331, -0.000899797)
body_offset = Transform3D(-0.0203657, -0.0622131, 0.997855, 0.997855, -0.0633735, 0.0164145, 0.0622164, 0.996049, 0.0633703, 0, 0.054815, 5.1409e-07)
bone_name = "Spine2"
joint_constraints/angular_limit_enabled = true
joint_constraints/angular_limit_upper = 4.29
joint_constraints/angular_limit_lower = -31.71
joint_constraints/angular_limit_bias = 0.3
joint_constraints/angular_limit_softness = 0.9
joint_constraints/angular_limit_relaxation = 1.0

[node name="CollisionShape3D" type="CollisionShape3D" parent="PlayerSkelIK/Skeleton3D/PhysicalBoneSimulator3D/Physical Bone Spine2" index="0"]
transform = Transform3D(1, 0, 0, 0, 0, 1, 0, -1, 0, 0, 0, 0)
shape = SubResource("CapsuleShape3D_n0wq0")

[node name="Physical Bone Spine3" type="PhysicalBone3D" parent="PlayerSkelIK/Skeleton3D/PhysicalBoneSimulator3D" index="2"]
transform = Transform3D(0.035667, 0.154334, -0.987375, -0.999364, 0.00550771, -0.0352392, -4.32134e-07, 0.988003, 0.154433, 1.70247e-14, 1.06744, -0.0166664)
joint_type = 3
joint_offset = Transform3D(1, 0, 0, 0, 1, 0, 0, 0, 1, 0.0867838, 0.0129323, 0.0051563)
body_offset = Transform3D(0.035667, 0.154334, -0.987375, -0.987374, -0.14714, -0.0586661, -0.154337, 0.977001, 0.147137, -7.81597e-14, 0.0878934, 4.17233e-07)
bone_name = "Spine3"
joint_constraints/angular_limit_enabled = true
joint_constraints/angular_limit_upper = 21.43
joint_constraints/angular_limit_lower = -89.4
joint_constraints/angular_limit_bias = 0.3
joint_constraints/angular_limit_softness = 0.9
joint_constraints/angular_limit_relaxation = 1.0

[node name="CollisionShape3D" type="CollisionShape3D" parent="PlayerSkelIK/Skeleton3D/PhysicalBoneSimulator3D/Physical Bone Spine3" index="0"]
transform = Transform3D(1, 0, 0, 0, 0, 1, 0, -1, 0, 0, 0, 0)
shape = SubResource("CapsuleShape3D_t6u5l")

[node name="Physical Bone Neck" type="PhysicalBone3D" parent="PlayerSkelIK/Skeleton3D/PhysicalBoneSimulator3D" index="3"]
transform = Transform3D(1, -2.38418e-07, 8.88176e-15, 1.27767e-08, 0.0535894, -0.998563, 2.38076e-07, 0.998563, 0.0535894, 3.74792e-16, 1.18812, -0.0320569)
joint_type = 1
joint_offset = Transform3D(1, 0, 0, 0, 1, 0, 0, 0, 1, -8.91789e-14, -3.69561e-07, 0.0338794)
body_offset = Transform3D(1, -1.42109e-14, 1.06581e-14, 1.24345e-14, 7.45058e-09, -1, 0, 1, 2.23517e-08, 8.88178e-14, 0.0338794, 3.68804e-07)
bone_name = "Neck"
joint_constraints/bias = 0.3
joint_constraints/damping = 1.0
joint_constraints/impulse_clamp = 0.0

[node name="CollisionShape3D" type="CollisionShape3D" parent="PlayerSkelIK/Skeleton3D/PhysicalBoneSimulator3D/Physical Bone Neck" index="0"]
transform = Transform3D(1, 0, 0, 0, 0, 1, 0, -1, 0, 0, 0, 0)
shape = SubResource("CapsuleShape3D_3mjvd")

[node name="Physical Bone Head" type="PhysicalBone3D" parent="PlayerSkelIK/Skeleton3D/PhysicalBoneSimulator3D" index="4"]
transform = Transform3D(-1, -3.99234e-08, 2.59342e-09, 1.64527e-09, 0.0237309, 0.999718, -3.99737e-08, 0.999718, -0.0237309, -1.64649e-09, 0.60666, -0.0192635)
joint_type = 1
joint_offset = Transform3D(1, 0, 0, 0, 1, 0, 0, 0, 1, -5.02034e-11, -3.95998e-06, 0.615461)
body_offset = Transform3D(-1, 1.97994e-07, -1.28617e-08, 4.44089e-16, 0.0648234, 0.997897, 1.98411e-07, 0.997897, -0.0648234, 7.86645e-09, -0.614166, 0.0399002)
bone_name = "Head"
joint_constraints/bias = 0.3
joint_constraints/damping = 1.0
joint_constraints/impulse_clamp = 0.0

[node name="CollisionShape3D" type="CollisionShape3D" parent="PlayerSkelIK/Skeleton3D/PhysicalBoneSimulator3D/Physical Bone Head" index="0"]
transform = Transform3D(1, 0, 0, 0, 0, 1, 0, -1, 0, 0, 0, 0)
shape = SubResource("CapsuleShape3D_vfhby")

[node name="Physical Bone Shoulder_R" type="PhysicalBone3D" parent="PlayerSkelIK/Skeleton3D/PhysicalBoneSimulator3D" index="5"]
transform = Transform3D(-0.409521, -0.905976, 0.107242, -0.0636336, -0.0888988, -0.994006, 0.910079, -0.41389, -0.0212446, -0.0851451, 1.14357, -0.0339922)
joint_type = 3
joint_offset = Transform3D(1, 0, 0, 0, 1, 0, 0, 0, 1, -0.0163857, -0.0340167, -0.0014024)
body_offset = Transform3D(0.0858757, 0.0536346, -0.994861, 0.414135, 0.906274, 0.0846066, 0.906155, -0.419273, 0.055615, 0.00183642, 0.037733, 0.000663742)
bone_name = "Shoulder.R"
joint_constraints/angular_limit_enabled = true
joint_constraints/angular_limit_upper = 45.43
joint_constraints/angular_limit_lower = -32.5
joint_constraints/angular_limit_bias = 0.3
joint_constraints/angular_limit_softness = 0.9
joint_constraints/angular_limit_relaxation = 1.0

[node name="CollisionShape3D" type="CollisionShape3D" parent="PlayerSkelIK/Skeleton3D/PhysicalBoneSimulator3D/Physical Bone Shoulder_R" index="0"]
transform = Transform3D(1, 0, 0, 0, 0, 1, 0, -1, 0, 0, 0, 0)
shape = SubResource("CapsuleShape3D_mm5h2")

[node name="Physical Bone UpArm_R" type="PhysicalBone3D" parent="PlayerSkelIK/Skeleton3D/PhysicalBoneSimulator3D" index="6"]
transform = Transform3D(0.99421, 0.0857998, -0.0646869, -0.0687289, 0.0450207, -0.996619, -0.0825975, 0.995295, 0.0506569, -0.24044, 1.1392, -0.0391713)
joint_type = 3
joint_offset = Transform3D(1, 0, 0, 0, 1, 0, 0, 0, 1, 0.116823, 0.0160204, -0.00620923)
body_offset = Transform3D(-0.0480473, -0.0361706, -0.99819, -0.989359, -0.135675, 0.0525386, -0.13733, 0.990093, -0.0292668, -5.48363e-06, 0.11808, -5.21541e-08)
bone_name = "UpArm.R"
joint_constraints/angular_limit_enabled = true
joint_constraints/angular_limit_upper = 90.0
joint_constraints/angular_limit_lower = -90.0
joint_constraints/angular_limit_bias = 0.3
joint_constraints/angular_limit_softness = 0.9
joint_constraints/angular_limit_relaxation = 1.0

[node name="CollisionShape3D" type="CollisionShape3D" parent="PlayerSkelIK/Skeleton3D/PhysicalBoneSimulator3D/Physical Bone UpArm_R" index="0"]
transform = Transform3D(-0.145394, -0.978711, -0.144866, -0.0447495, -0.139767, 0.989173, -0.988361, 0.150302, -0.0234754, 0, 0, 0)
shape = SubResource("CapsuleShape3D_f0enk")

[node name="Physical Bone DownArm_R" type="PhysicalBone3D" parent="PlayerSkelIK/Skeleton3D/PhysicalBoneSimulator3D" index="7"]
transform = Transform3D(0.999375, 0.00496954, -0.0350082, -0.0347388, -0.0466459, -0.998307, -0.00659412, 0.998899, -0.0464441, -0.465319, 1.14407, -0.0401771)
joint_type = 3
joint_offset = Transform3D(1, 0, 0, 0, 1, 0, 0, 0, 1, 0.107052, -0.0042649, 0.000218031)
body_offset = Transform3D(-7.90033e-05, -0.0530332, -0.998593, -0.999205, 0.0398079, -0.00203509, 0.0398598, 0.997799, -0.0529942, 0, 0.107137, 0)
bone_name = "DownArm.R"
joint_constraints/angular_limit_enabled = true
joint_constraints/angular_limit_upper = 90.0
joint_constraints/angular_limit_lower = -90.0
joint_constraints/angular_limit_bias = 0.3
joint_constraints/angular_limit_softness = 0.9
joint_constraints/angular_limit_relaxation = 1.0

[node name="CollisionShape3D" type="CollisionShape3D" parent="PlayerSkelIK/Skeleton3D/PhysicalBoneSimulator3D/Physical Bone DownArm_R" index="0"]
transform = Transform3D(-0.138951, -0.989551, 0.0384936, -0.0534994, 0.0463148, 0.997493, -0.988853, 0.136543, -0.0593758, 0, 0, 0)
shape = SubResource("CapsuleShape3D_ikylg")

[node name="Physical Bone Hand_R" type="PhysicalBone3D" parent="PlayerSkelIK/Skeleton3D/PhysicalBoneSimulator3D" index="8"]
transform = Transform3D(0.106531, -0.994, -0.0247998, -0.0174853, 0.0230651, -0.999581, 0.994156, 0.10692, -0.0149233, -0.572031, 1.1481, -0.0252873)
joint_type = 3
joint_offset = Transform3D(1, 0, 0, 0, 1, 0, 0, 0, 1, -0.00987655, -0.000822659, 0.000447048)
body_offset = Transform3D(0.0683176, -0.123703, 0.989965, -0.158716, 0.978298, 0.133198, -0.984958, -0.166223, 0.0472013, 0.000130415, -0.000822306, -0.00988583)
bone_name = "Hand.R"
joint_constraints/angular_limit_enabled = true
joint_constraints/angular_limit_upper = 18.0
joint_constraints/angular_limit_lower = -42.0
joint_constraints/angular_limit_bias = 0.3
joint_constraints/angular_limit_softness = 0.9
joint_constraints/angular_limit_relaxation = 1.0

[node name="CollisionShape3D" type="CollisionShape3D" parent="PlayerSkelIK/Skeleton3D/PhysicalBoneSimulator3D/Physical Bone Hand_R" index="0"]
transform = Transform3D(1, 0, 0, 0, 0, 1, 0, -1, 0, 0, 0, 0)
shape = SubResource("CapsuleShape3D_kjcpf")

[node name="Physical Bone Thumb1_R" type="PhysicalBone3D" parent="PlayerSkelIK/Skeleton3D/PhysicalBoneSimulator3D" index="9"]
transform = Transform3D(-0.393176, 0.567646, 0.723319, 0.889499, 0.0356295, 0.455546, 0.232817, 0.822502, -0.518929, -0.587027, 1.13876, -0.00443781)
joint_type = 1
joint_offset = Transform3D(1, 0, 0, 0, 1, 0, 0, 0, 1, -3.92326e-07, 2.30597e-07, 0.0210728)
body_offset = Transform3D(1, -1.63913e-07, 1.64658e-06, 1.52737e-06, -1.16229e-06, -1, 7.45058e-08, 1, -1.04308e-06, 3.57628e-07, 0.0210728, -2.08616e-07)
bone_name = "Thumb1.R"
joint_constraints/bias = 0.3
joint_constraints/damping = 1.0
joint_constraints/impulse_clamp = 0.0

[node name="CollisionShape3D" type="CollisionShape3D" parent="PlayerSkelIK/Skeleton3D/PhysicalBoneSimulator3D/Physical Bone Thumb1_R" index="0"]
transform = Transform3D(1, 0, 0, 0, 0, 1, 0, -1, 0, 0, 0, 0)
shape = SubResource("CapsuleShape3D_a5loa")

[node name="Physical Bone Thumb2_R" type="PhysicalBone3D" parent="PlayerSkelIK/Skeleton3D/PhysicalBoneSimulator3D" index="10"]
transform = Transform3D(-0.204378, 0.176848, 0.962785, 0.968481, -0.106533, 0.225156, 0.142387, 0.978456, -0.149501, -0.619969, 1.12503, 0.0092463)
joint_type = 1
joint_offset = Transform3D(1, 0, 0, 0, 1, 0, 0, 0, 1, -1.01608e-07, -7.88889e-08, 0.018384)
body_offset = Transform3D(1, -4.32134e-07, -9.574e-07, -8.81031e-07, -4.47035e-08, -1, 3.72529e-07, 1, 2.38419e-07, 1.19209e-07, 0.018384, 7.45058e-08)
bone_name = "Thumb2.R"
joint_constraints/bias = 0.3
joint_constraints/damping = 1.0
joint_constraints/impulse_clamp = 0.0

[node name="CollisionShape3D" type="CollisionShape3D" parent="PlayerSkelIK/Skeleton3D/PhysicalBoneSimulator3D/Physical Bone Thumb2_R" index="0"]
transform = Transform3D(1, 0, 0, 0, 0, 1, 0, -1, 0, 0, 0, 0)
shape = SubResource("CapsuleShape3D_5dtkn")

[node name="Physical Bone Thumb3_R" type="PhysicalBone3D" parent="PlayerSkelIK/Skeleton3D/PhysicalBoneSimulator3D" index="11"]
transform = Transform3D(-0.188186, 0.135332, 0.972765, 0.93825, -0.267986, 0.218792, 0.290297, 0.953871, -0.0765439, -0.647671, 1.11864, 0.0127816)
joint_type = 1
joint_offset = Transform3D(1, 0, 0, 0, 1, 0, 0, 0, 1, -2.68905e-08, 2.63548e-08, 0.0102826)
body_offset = Transform3D(1, 1.19209e-07, 2.61515e-06, 2.64123e-06, 1.49012e-08, -1, -3.27826e-07, 0.999999, 3.35276e-07, 0, 0.0102826, -2.98023e-08)
bone_name = "Thumb3.R"
joint_constraints/bias = 0.3
joint_constraints/damping = 1.0
joint_constraints/impulse_clamp = 0.0

[node name="CollisionShape3D" type="CollisionShape3D" parent="PlayerSkelIK/Skeleton3D/PhysicalBoneSimulator3D/Physical Bone Thumb3_R" index="0"]
transform = Transform3D(1, 0, 0, 0, 0, 1, 0, -1, 0, 0, 0, 0)
shape = SubResource("CapsuleShape3D_ec6e8")

[node name="Physical Bone Index1_R" type="PhysicalBone3D" parent="PlayerSkelIK/Skeleton3D/PhysicalBoneSimulator3D" index="12"]
transform = Transform3D(0.0724108, 0.0120157, 0.997303, 0.996674, 0.0366111, -0.0728063, -0.0373871, 0.999257, -0.0093247, -0.658495, 1.15417, -0.0122543)
joint_type = 1
joint_offset = Transform3D(1, 0, 0, 0, 1, 0, 0, 0, 1, -2.27058e-05, 1.09413e-07, 0.0164481)
body_offset = Transform3D(1, -3.44589e-06, 3.40381e-06, 3.46245e-06, -1.14553e-07, -1, 3.41237e-06, 1, -7.91624e-08, 2.26498e-05, 0.0164481, -1.08033e-07)
bone_name = "Index1.R"
joint_constraints/bias = 0.3
joint_constraints/damping = 1.0
joint_constraints/impulse_clamp = 0.0

[node name="CollisionShape3D" type="CollisionShape3D" parent="PlayerSkelIK/Skeleton3D/PhysicalBoneSimulator3D/Physical Bone Index1_R" index="0"]
transform = Transform3D(1, 0, 0, 0, 0, 1, 0, -1, 0, 0, 0, 0)
shape = SubResource("CapsuleShape3D_o5nwr")

[node name="Physical Bone Index2_R" type="PhysicalBone3D" parent="PlayerSkelIK/Skeleton3D/PhysicalBoneSimulator3D" index="13"]
transform = Transform3D(-0.0855725, -0.126796, 0.988231, 0.996259, 0.00115351, 0.0864157, -0.0120971, 0.991928, 0.126223, -0.690529, 1.15395, -0.0140942)
joint_type = 1
joint_offset = Transform3D(1, 0, 0, 0, 1, 0, 0, 0, 1, 2.80756e-05, -2.74964e-07, 0.0158053)
body_offset = Transform3D(1, -4.47035e-08, -3.88501e-06, -3.81959e-06, 1.49012e-08, -1, 0, 1, -4.47035e-08, -2.80142e-05, 0.0158053, 2.75671e-07)
bone_name = "Index2.R"
joint_constraints/bias = 0.3
joint_constraints/damping = 1.0
joint_constraints/impulse_clamp = 0.0

[node name="CollisionShape3D" type="CollisionShape3D" parent="PlayerSkelIK/Skeleton3D/PhysicalBoneSimulator3D/Physical Bone Index2_R" index="0"]
transform = Transform3D(1, 0, 0, 0, 0, 1, 0, -1, 0, 0, 0, 0)
shape = SubResource("CapsuleShape3D_2q55b")

[node name="Physical Bone Index3_R" type="PhysicalBone3D" parent="PlayerSkelIK/Skeleton3D/PhysicalBoneSimulator3D" index="14"]
transform = Transform3D(-0.198349, -0.0161549, 0.979998, 0.980127, -0.00028136, 0.19837, -0.00292891, 0.999869, 0.0158897, -0.720336, 1.14974, -0.016319)
joint_type = 1
joint_offset = Transform3D(1, 0, 0, 0, 1, 0, 0, 0, 1, -2.80532e-08, -1.98343e-09, 0.0144832)
body_offset = Transform3D(1, -5.6345e-08, -6.2939e-06, -6.19595e-06, 4.65661e-08, -1, -2.32831e-10, 1, 7.26432e-08, 1.19209e-07, 0.0144832, 9.31323e-10)
bone_name = "Index3.R"
joint_constraints/bias = 0.3
joint_constraints/damping = 1.0
joint_constraints/impulse_clamp = 0.0

[node name="CollisionShape3D" type="CollisionShape3D" parent="PlayerSkelIK/Skeleton3D/PhysicalBoneSimulator3D/Physical Bone Index3_R" index="0"]
transform = Transform3D(1, 0, 0, 0, 0, 1, 0, -1, 0, 0, 0, 0)
shape = SubResource("CapsuleShape3D_psm2k")

[node name="Physical Bone Middle1_R" type="PhysicalBone3D" parent="PlayerSkelIK/Skeleton3D/PhysicalBoneSimulator3D" index="15"]
transform = Transform3D(0.0805603, 0.00106177, 0.996749, 0.996663, 0.013135, -0.0805673, -0.0131779, 0.999913, -6.55361e-08, -0.656497, 1.15408, -0.0294381)
joint_type = 1
joint_offset = Transform3D(1, 0, 0, 0, 1, 0, 0, 0, 1, -6.79818e-08, -8.05375e-10, 0.0156661)
body_offset = Transform3D(1, -4.84288e-08, -3.26994e-06, -3.22684e-06, -5.20425e-08, -1, 0, 1, -8.03951e-09, 1.19209e-07, 0.0156661, 9.31323e-10)
bone_name = "Middle1.R"
joint_constraints/bias = 0.3
joint_constraints/damping = 1.0
joint_constraints/impulse_clamp = 0.0

[node name="CollisionShape3D" type="CollisionShape3D" parent="PlayerSkelIK/Skeleton3D/PhysicalBoneSimulator3D/Physical Bone Middle1_R" index="0"]
transform = Transform3D(1, 0, 0, 0, 0, 1, 0, -1, 0, 0, 0, 0)
shape = SubResource("CapsuleShape3D_3gqtr")

[node name="Physical Bone Middle2_R" type="PhysicalBone3D" parent="PlayerSkelIK/Skeleton3D/PhysicalBoneSimulator3D" index="16"]
transform = Transform3D(-0.0803589, -0.0309344, 0.996286, 0.996736, 0.00532083, 0.0805604, -0.00779316, 0.999507, 0.0304059, -0.689056, 1.15398, -0.0299552)
joint_type = 1
joint_offset = Transform3D(1, 0, 0, 0, 1, 0, 0, 0, 1, 9.88759e-08, -6.39264e-09, 0.0170071)
body_offset = Transform3D(1, -1.62981e-07, -5.8138e-06, -5.77702e-06, 2.49594e-07, -1, 1.11293e-07, 1, 2.66358e-07, 0, 0.0170071, 1.86265e-09)
bone_name = "Middle2.R"
joint_constraints/bias = 0.3
joint_constraints/damping = 1.0
joint_constraints/impulse_clamp = 0.0

[node name="CollisionShape3D" type="CollisionShape3D" parent="PlayerSkelIK/Skeleton3D/PhysicalBoneSimulator3D/Physical Bone Middle2_R" index="0"]
transform = Transform3D(1, 0, 0, 0, 0, 1, 0, -1, 0, 0, 0, 0)
shape = SubResource("CapsuleShape3D_4tgnu")

[node name="Physical Bone Middle3_R" type="PhysicalBone3D" parent="PlayerSkelIK/Skeleton3D/PhysicalBoneSimulator3D" index="17"]
transform = Transform3D(-0.190748, -0.00929598, 0.981595, 0.979429, -0.0688716, 0.189674, 0.0658409, 0.997582, 0.0222419, -0.720419, 1.14982, -0.030799)
joint_type = 1
joint_offset = Transform3D(1, 0, 0, 0, 1, 0, 0, 0, 1, -2.99836e-08, -4.3144e-08, 0.014689)
body_offset = Transform3D(1, 1.46776e-06, 2.04123e-06, 2.09082e-06, -1.30385e-07, -1, -1.54227e-06, 1, -1.06171e-07, 0, 0.014689, 4.47035e-08)
bone_name = "Middle3.R"
joint_constraints/bias = 0.3
joint_constraints/damping = 1.0
joint_constraints/impulse_clamp = 0.0

[node name="CollisionShape3D" type="CollisionShape3D" parent="PlayerSkelIK/Skeleton3D/PhysicalBoneSimulator3D/Physical Bone Middle3_R" index="0"]
transform = Transform3D(1, 0, 0, 0, 0, 1, 0, -1, 0, 0, 0, 0)
shape = SubResource("CapsuleShape3D_r5wmp")

[node name="Physical Bone Ring1_R" type="PhysicalBone3D" parent="PlayerSkelIK/Skeleton3D/PhysicalBoneSimulator3D" index="18"]
transform = Transform3D(0.0943786, -0.0299255, 0.995087, 0.995446, -0.0106172, -0.094732, 0.0133999, 0.999496, 0.0287872, -0.655448, 1.15408, -0.0464991)
joint_type = 1
joint_offset = Transform3D(1, 0, 0, 0, 1, 0, 0, 0, 1, -1.5765e-08, -1.3727e-08, 0.0133241)
body_offset = Transform3D(1, 4.63799e-07, -7.76368e-06, -7.71834e-06, 7.15256e-07, -1, -5.20609e-07, 1, 7.50646e-07, 1.19209e-07, 0.0133241, 3.72529e-09)
bone_name = "Ring1.R"
joint_constraints/bias = 0.3
joint_constraints/damping = 1.0
joint_constraints/impulse_clamp = 0.0

[node name="CollisionShape3D" type="CollisionShape3D" parent="PlayerSkelIK/Skeleton3D/PhysicalBoneSimulator3D/Physical Bone Ring1_R" index="0"]
transform = Transform3D(1, 0, 0, 0, 0, 1, 0, -1, 0, 0, 0, 0)
shape = SubResource("CapsuleShape3D_c2v4c")

[node name="Physical Bone Ring2_R" type="PhysicalBone3D" parent="PlayerSkelIK/Skeleton3D/PhysicalBoneSimulator3D" index="19"]
transform = Transform3D(-0.0856282, 0.00195049, 0.996325, 0.996067, -0.0226857, 0.0856504, 0.0227694, 0.999741, -2.79547e-07, -0.684646, 1.15397, -0.0468861)
joint_type = 1
joint_offset = Transform3D(1, 0, 0, 0, 1, 0, 0, 0, 1, 8.02372e-07, 3.48329e-06, 0.0159979)
body_offset = Transform3D(1, 3.52412e-06, 2.00529e-06, 1.98308e-06, -2.70796e-07, -1, -3.59491e-06, 1, -2.41523e-07, -8.34465e-07, 0.0159979, -3.47942e-06)
bone_name = "Ring2.R"
joint_constraints/bias = 0.3
joint_constraints/damping = 1.0
joint_constraints/impulse_clamp = 0.0

[node name="CollisionShape3D" type="CollisionShape3D" parent="PlayerSkelIK/Skeleton3D/PhysicalBoneSimulator3D/Physical Bone Ring2_R" index="0"]
transform = Transform3D(1, 0, 0, 0, 0, 1, 0, -1, 0, 0, 0, 0)
shape = SubResource("CapsuleShape3D_36heo")

[node name="Physical Bone Ring3_R" type="PhysicalBone3D" parent="PlayerSkelIK/Skeleton3D/PhysicalBoneSimulator3D" index="20"]
transform = Transform3D(-0.197978, 0.00131493, 0.980206, 0.980184, -0.00651172, 0.197982, 0.00664315, 0.999978, 3.00677e-07, -0.714379, 1.14982, -0.0468826)
joint_type = 1
joint_offset = Transform3D(1, 0, 0, 0, 1, 0, 0, 0, 1, 6.34811e-07, -5.77953e-09, 0.0140724)
body_offset = Transform3D(1, -6.84522e-08, -2.75472e-06, -2.77115e-06, 3.88593e-07, -1, 0, 1, 4.107e-07, -5.96046e-07, 0.0140724, 0)
bone_name = "Ring3.R"
joint_constraints/bias = 0.3
joint_constraints/damping = 1.0
joint_constraints/impulse_clamp = 0.0

[node name="CollisionShape3D" type="CollisionShape3D" parent="PlayerSkelIK/Skeleton3D/PhysicalBoneSimulator3D/Physical Bone Ring3_R" index="0"]
transform = Transform3D(1, 0, 0, 0, 0, 1, 0, -1, 0, 0, 0, 0)
shape = SubResource("CapsuleShape3D_ob8hf")

[node name="Physical Bone Pinky1_R" type="PhysicalBone3D" parent="PlayerSkelIK/Skeleton3D/PhysicalBoneSimulator3D" index="21"]
transform = Transform3D(0.114406, -0.000588298, 0.993434, 0.993421, -0.00511064, -0.114408, 0.00514439, 0.999987, -2.62571e-07, -0.653261, 1.15391, -0.0632582)
joint_type = 1
joint_offset = Transform3D(1, 0, 0, 0, 1, 0, 0, 0, 1, -1.02688e-07, 3.47983e-09, 0.0125147)
body_offset = Transform3D(1, 5.96605e-06, -1.32011e-06, -1.31907e-06, -3.17522e-07, -1, -6.01355e-06, 1, -2.78109e-07, 1.19209e-07, 0.0125147, 0)
bone_name = "Pinky1.R"
joint_constraints/bias = 0.3
joint_constraints/damping = 1.0
joint_constraints/impulse_clamp = 0.0

[node name="CollisionShape3D" type="CollisionShape3D" parent="PlayerSkelIK/Skeleton3D/PhysicalBoneSimulator3D/Physical Bone Pinky1_R" index="0"]
transform = Transform3D(1, 0, 0, 0, 0, 1, 0, -1, 0, 0, 0, 0)
shape = SubResource("CapsuleShape3D_0n1u5")

[node name="Physical Bone Pinky2_R" type="PhysicalBone3D" parent="PlayerSkelIK/Skeleton3D/PhysicalBoneSimulator3D" index="22"]
transform = Transform3D(-0.089675, 0.00921652, 0.995928, 0.995942, 0.00853348, 0.0895972, -0.00767296, 0.999921, -0.00994435, -0.68106, 1.15395, -0.0631057)
joint_type = 1
joint_offset = Transform3D(1, 0, 0, 0, 1, 0, 0, 0, 1, 8.6292e-06, 1.01466e-06, 0.0154303)
body_offset = Transform3D(1, -4.73112e-07, -2.98951e-06, -2.86148e-06, -1.22935e-07, -1, 4.18164e-07, 1, -8.9407e-08, -8.58307e-06, 0.0154303, -1.01328e-06)
bone_name = "Pinky2.R"
joint_constraints/bias = 0.3
joint_constraints/damping = 1.0
joint_constraints/impulse_clamp = 0.0

[node name="CollisionShape3D" type="CollisionShape3D" parent="PlayerSkelIK/Skeleton3D/PhysicalBoneSimulator3D/Physical Bone Pinky2_R" index="0"]
transform = Transform3D(1, 0, 0, 0, 0, 1, 0, -1, 0, 0, 0, 0)
shape = SubResource("CapsuleShape3D_id8yw")

[node name="Physical Bone PInky3_R" type="PhysicalBone3D" parent="PlayerSkelIK/Skeleton3D/PhysicalBoneSimulator3D" index="23"]
transform = Transform3D(-0.217298, 0.0842644, 0.972461, 0.976079, 0.0113945, 0.217119, 0.00721466, 0.996378, -0.0847247, -0.707872, 1.15002, -0.0619541)
joint_type = 1
joint_offset = Transform3D(1, 0, 0, 0, 1, 0, 0, 0, 1, 3.18079e-08, -1.29719e-08, 0.0117702)
body_offset = Transform3D(1, -1.54134e-07, -2.70241e-06, -2.52068e-06, -1.93715e-07, -1, 8.42847e-08, 1, -1.63913e-07, 0, 0.0117702, 1.49012e-08)
bone_name = "PInky3.R"
joint_constraints/bias = 0.3
joint_constraints/damping = 1.0
joint_constraints/impulse_clamp = 0.0

[node name="CollisionShape3D" type="CollisionShape3D" parent="PlayerSkelIK/Skeleton3D/PhysicalBoneSimulator3D/Physical Bone PInky3_R" index="0"]
transform = Transform3D(1, 0, 0, 0, 0, 1, 0, -1, 0, 0, 0, 0)
shape = SubResource("CapsuleShape3D_ipdti")

[node name="Physical Bone HandSocket_R" type="PhysicalBone3D" parent="PlayerSkelIK/Skeleton3D/PhysicalBoneSimulator3D" index="24"]
transform = Transform3D(0.999985, 0.00468415, -0.00272235, -0.00541779, 0.864582, -0.502463, 8.52364e-08, 0.50247, 0.864595, -0.627976, 1.13275, -0.0396237)
joint_type = 1
joint_offset = Transform3D(1, 0, 0, 0, 1, 0, 0, 0, 1, 4.06499e-09, 2.8595e-08, 0.00153434)
body_offset = Transform3D(0.00541745, -0.864582, 0.502463, 0, 0.50247, 0.864595, -0.999985, -0.00468391, 0.00272203, -0.000770926, -0.0013266, -4.17233e-06)
bone_name = "HandSocket.R"
joint_constraints/bias = 0.3
joint_constraints/damping = 1.0
joint_constraints/impulse_clamp = 0.0

[node name="CollisionShape3D" type="CollisionShape3D" parent="PlayerSkelIK/Skeleton3D/PhysicalBoneSimulator3D/Physical Bone HandSocket_R" index="0"]
transform = Transform3D(1, 0, 0, 0, 0, 1, 0, -1, 0, 0, 0, 0)
shape = SubResource("CapsuleShape3D_qxfnj")

[node name="Physical Bone Shoulder_L" type="PhysicalBone3D" parent="PlayerSkelIK/Skeleton3D/PhysicalBoneSimulator3D" index="25"]
transform = Transform3D(-0.41076, 0.907624, -0.0865745, 0.0551146, -0.070063, -0.996019, -0.910076, -0.413896, -0.0212443, 0.0851428, 1.14356, -0.0339923)
joint_type = 3
joint_offset = Transform3D(1, 0, 0, 0, 1, 0, 0, 0, 1, 0.0163849, -0.0339739, -0.00219329)
body_offset = Transform3D(0.0944485, -0.0723816, 0.992895, -0.413724, 0.904295, 0.105278, -0.90549, -0.420728, 0.0554633, -0.00182891, 0.0377322, 0.000664227)
bone_name = "Shoulder.L"
joint_constraints/angular_limit_enabled = true
joint_constraints/angular_limit_upper = 48.86
joint_constraints/angular_limit_lower = -38.57
joint_constraints/angular_limit_bias = 0.3
joint_constraints/angular_limit_softness = 0.9
joint_constraints/angular_limit_relaxation = 1.0

[node name="CollisionShape3D" type="CollisionShape3D" parent="PlayerSkelIK/Skeleton3D/PhysicalBoneSimulator3D/Physical Bone Shoulder_L" index="0"]
transform = Transform3D(1, 0, 0, 0, 0, 1, 0, -1, 0, 0, 0, 0)
shape = SubResource("CapsuleShape3D_hpxqx")

[node name="Physical Bone UpArm_L" type="PhysicalBone3D" parent="PlayerSkelIK/Skeleton3D/PhysicalBoneSimulator3D" index="26"]
transform = Transform3D(-0.996553, 0.0820959, 0.0118935, 0.00767894, -0.0514638, 0.998645, 0.0825967, 0.995295, 0.050656, 0.24044, 1.1392, -0.0391717)
joint_type = 3
joint_offset = Transform3D(1, 0, 0, 0, 1, 0, 0, 0, 1, 0.118002, -0.00366968, -0.00222305)
body_offset = Transform3D(-0.0144803, 0.134616, -0.990792, -0.99934, 0.0310779, 0.0188276, 0.0333262, 0.99041, 0.134077, 1.19209e-07, 0.11808, -1.49012e-08)
bone_name = "UpArm.L"
joint_constraints/angular_limit_enabled = true
joint_constraints/angular_limit_upper = 90.0
joint_constraints/angular_limit_lower = -90.0
joint_constraints/angular_limit_bias = 0.3
joint_constraints/angular_limit_softness = 0.9
joint_constraints/angular_limit_relaxation = 1.0

[node name="CollisionShape3D" type="CollisionShape3D" parent="PlayerSkelIK/Skeleton3D/PhysicalBoneSimulator3D/Physical Bone UpArm_L" index="0"]
transform = Transform3D(-0.149709, -0.987699, 0.0451419, 0.145188, 0.0232008, 0.989132, -0.978012, 0.154636, 0.139928, 0, 0, 0)
shape = SubResource("CapsuleShape3D_6brkg")

[node name="Physical Bone DownArm_L" type="PhysicalBone3D" parent="PlayerSkelIK/Skeleton3D/PhysicalBoneSimulator3D" index="27"]
transform = Transform3D(0.997804, -0.00963693, -0.0655371, -0.0659125, -0.0459124, -0.996769, 0.00659683, 0.998899, -0.0464468, 0.465319, 1.14408, -0.0401762)
joint_type = 3
joint_offset = Transform3D(1, 0, 0, 0, 1, 0, 0, 0, 1, -0.106506, -0.00376876, 0.0109783)
body_offset = Transform3D(0.100456, 0.0521385, 0.993575, 0.994126, 0.0351739, -0.102357, -0.0402847, 0.99802, -0.0482988, -1.20401e-05, 0.107137, 9.574e-07)
bone_name = "DownArm.L"
joint_constraints/angular_limit_enabled = true
joint_constraints/angular_limit_upper = 90.0
joint_constraints/angular_limit_lower = -90.0
joint_constraints/angular_limit_bias = 0.3
joint_constraints/angular_limit_softness = 0.9
joint_constraints/angular_limit_relaxation = 1.0

[node name="CollisionShape3D" type="CollisionShape3D" parent="PlayerSkelIK/Skeleton3D/PhysicalBoneSimulator3D/Physical Bone DownArm_L" index="0"]
transform = Transform3D(0.121839, 0.991731, -0.0403148, 0.0518879, 0.0341977, 0.998067, 0.991193, -0.123695, -0.0472923, 0, 0, 0)
shape = SubResource("CapsuleShape3D_tyg27")

[node name="Physical Bone Hand_L" type="PhysicalBone3D" parent="PlayerSkelIK/Skeleton3D/PhysicalBoneSimulator3D" index="28"]
transform = Transform3D(-0.894618, 0.446472, 0.0179253, 0.123022, 0.284675, -0.950697, -0.429563, -0.848306, -0.309601, 0.607185, 1.15038, -0.0238037)
joint_type = 3
joint_offset = Transform3D(1, 0, 0, 0, 1, 0, 0, 0, 1, 0.0358088, -0.00665045, 0.00535052)
body_offset = Transform3D(0.0448324, 0.363902, -0.930358, -0.877594, 0.459305, 0.137363, 0.477304, 0.810318, 0.339949, 0.00579262, 0.0337452, -0.0135216)
bone_name = "Hand.L"
joint_constraints/angular_limit_enabled = true
joint_constraints/angular_limit_upper = 14.57
joint_constraints/angular_limit_lower = -38.57
joint_constraints/angular_limit_bias = 0.3
joint_constraints/angular_limit_softness = 0.9
joint_constraints/angular_limit_relaxation = 1.0

[node name="CollisionShape3D" type="CollisionShape3D" parent="PlayerSkelIK/Skeleton3D/PhysicalBoneSimulator3D/Physical Bone Hand_L" index="0"]
transform = Transform3D(1, 0, 0, 0, 0, 1, 0, -1, 0, 0, 0, 0)
shape = SubResource("CapsuleShape3D_ogaws")

[node name="Physical Bone Index1_L" type="PhysicalBone3D" parent="PlayerSkelIK/Skeleton3D/PhysicalBoneSimulator3D" index="29"]
transform = Transform3D(0.0724126, -0.0120158, -0.997302, -0.996674, 0.0366142, -0.0728081, 0.0373903, 0.999257, -0.00932454, 0.658503, 1.1542, -0.0122565)
joint_type = 1
joint_offset = Transform3D(1, 0, 0, 0, 1, 0, 0, 0, 1, 4.84322e-05, 1.47242e-06, 0.0164576)
body_offset = Transform3D(1, 1.86265e-08, -2.01716e-06, -2.00156e-06, 5.58794e-09, -1, 0, 1, 5.68107e-08, -4.8399e-05, 0.0164576, -1.47335e-06)
bone_name = "Index1.L"
joint_constraints/bias = 0.3
joint_constraints/damping = 1.0
joint_constraints/impulse_clamp = 0.0

[node name="CollisionShape3D" type="CollisionShape3D" parent="PlayerSkelIK/Skeleton3D/PhysicalBoneSimulator3D/Physical Bone Index1_L" index="0"]
transform = Transform3D(1, 0, 0, 0, 0, 1, 0, -1, 0, 0, 0, 0)
shape = SubResource("CapsuleShape3D_xjiwa")

[node name="Physical Bone Index2_L" type="PhysicalBone3D" parent="PlayerSkelIK/Skeleton3D/PhysicalBoneSimulator3D" index="30"]
transform = Transform3D(-0.0855724, 0.126795, -0.988231, -0.996258, 0.00115353, 0.0864155, 0.012097, 0.991928, 0.126222, 0.690526, 1.15398, -0.0140943)
joint_type = 1
joint_offset = Transform3D(1, 0, 0, 0, 1, 0, 0, 0, 1, -1.36712e-06, 5.34152e-08, 0.0158007)
body_offset = Transform3D(1, -3.07336e-08, 3.53286e-06, 3.47942e-06, -5.06639e-07, -1, 6.0536e-08, 1, -5.51343e-07, 1.3113e-06, 0.0158007, -4.47035e-08)
bone_name = "Index2.L"
joint_constraints/bias = 0.3
joint_constraints/damping = 1.0
joint_constraints/impulse_clamp = 0.0

[node name="CollisionShape3D" type="CollisionShape3D" parent="PlayerSkelIK/Skeleton3D/PhysicalBoneSimulator3D/Physical Bone Index2_L" index="0"]
transform = Transform3D(1, 0, 0, 0, 0, 1, 0, -1, 0, 0, 0, 0)
shape = SubResource("CapsuleShape3D_mkygp")

[node name="Physical Bone Index3_L" type="PhysicalBone3D" parent="PlayerSkelIK/Skeleton3D/PhysicalBoneSimulator3D" index="31"]
transform = Transform3D(-0.198353, 0.0161546, -0.979998, -0.980126, -0.000280131, 0.198374, 0.00293013, 0.99987, 0.0158891, 0.720339, 1.14975, -0.0163197)
joint_type = 1
joint_offset = Transform3D(1, 0, 0, 0, 1, 0, 0, 0, 1, 6.77459e-06, 7.32642e-07, 0.0144851)
body_offset = Transform3D(1, -1.10525e-06, 1.40446e-06, 1.2739e-06, -5.27129e-07, -1, 1.13877e-06, 1, -4.93601e-07, -6.79493e-06, 0.0144851, -7.255e-07)
bone_name = "Index3.L"
joint_constraints/bias = 0.3
joint_constraints/damping = 1.0
joint_constraints/impulse_clamp = 0.0

[node name="CollisionShape3D" type="CollisionShape3D" parent="PlayerSkelIK/Skeleton3D/PhysicalBoneSimulator3D/Physical Bone Index3_L" index="0"]
transform = Transform3D(1, 0, 0, 0, 0, 1, 0, -1, 0, 0, 0, 0)
shape = SubResource("CapsuleShape3D_ay7jn")

[node name="Physical Bone Middle1_L" type="PhysicalBone3D" parent="PlayerSkelIK/Skeleton3D/PhysicalBoneSimulator3D" index="32"]
transform = Transform3D(0.0805603, -0.00106169, -0.996749, -0.996663, 0.0131351, -0.0805673, 0.0131779, 0.999913, 1.42014e-08, 0.656497, 1.15408, -0.0294347)
joint_type = 1
joint_offset = Transform3D(1, 0, 0, 0, 1, 0, 0, 0, 1, -4.28398e-08, -3.40021e-06, 0.0156661)
body_offset = Transform3D(1, -1.95578e-08, 2.73455e-06, 2.74215e-06, 3.83945e-09, -1, 4.47035e-08, 1, 5.6459e-08, 0, 0.0156661, 3.39933e-06)
bone_name = "Middle1.L"
joint_constraints/bias = 0.3
joint_constraints/damping = 1.0
joint_constraints/impulse_clamp = 0.0

[node name="CollisionShape3D" type="CollisionShape3D" parent="PlayerSkelIK/Skeleton3D/PhysicalBoneSimulator3D/Physical Bone Middle1_L" index="0"]
transform = Transform3D(1, 0, 0, 0, 0, 1, 0, -1, 0, 0, 0, 0)
shape = SubResource("CapsuleShape3D_my83d")

[node name="Physical Bone Middle2_L" type="PhysicalBone3D" parent="PlayerSkelIK/Skeleton3D/PhysicalBoneSimulator3D" index="33"]
transform = Transform3D(-0.0803612, 0.0309344, -0.996286, -0.996735, 0.00532074, 0.0805627, 0.00779314, 0.999507, 0.0304059, 0.689055, 1.15396, -0.0299552)
joint_type = 1
joint_offset = Transform3D(1, 0, 0, 0, 1, 0, 0, 0, 1, -1.16133e-05, 8.85381e-08, 0.0170064)
body_offset = Transform3D(1, 1.22003e-07, 2.94074e-06, 2.93125e-06, 2.30968e-07, -1, -8.98726e-08, 1, 2.70084e-07, 1.15633e-05, 0.0170064, -9.31323e-08)
bone_name = "Middle2.L"
joint_constraints/bias = 0.3
joint_constraints/damping = 1.0
joint_constraints/impulse_clamp = 0.0

[node name="CollisionShape3D" type="CollisionShape3D" parent="PlayerSkelIK/Skeleton3D/PhysicalBoneSimulator3D/Physical Bone Middle2_L" index="0"]
transform = Transform3D(1, 0, 0, 0, 0, 1, 0, -1, 0, 0, 0, 0)
shape = SubResource("CapsuleShape3D_vt8fs")

[node name="Physical Bone Middle3_L" type="PhysicalBone3D" parent="PlayerSkelIK/Skeleton3D/PhysicalBoneSimulator3D" index="34"]
