[gd_scene load_steps=24 format=3 uid="uid://bwsngyyv6tgxs"]

[ext_resource type="PackedScene" uid="uid://bkq2l4xicj4gv" path="res://game/playerLoliRiggedClean.glb" id="1_uuq8u"]

[sub_resource type="CapsuleShape3D" id="CapsuleShape3D_hb5k0"]
radius = 0.0148666
height = 0.148666

[sub_resource type="CapsuleShape3D" id="CapsuleShape3D_7dxf4"]
radius = 0.0109627
height = 0.109627

[sub_resource type="CapsuleShape3D" id="CapsuleShape3D_lhpvr"]
radius = 0.0175794
height = 0.175794

[sub_resource type="CapsuleShape3D" id="CapsuleShape3D_mbnvs"]
radius = 0.123098
height = 1.23098

[sub_resource type="CapsuleShape3D" id="CapsuleShape3D_5oycf"]
radius = 0.00755657
height = 0.0755657

[sub_resource type="CapsuleShape3D" id="CapsuleShape3D_16fmk"]
radius = 0.023616
height = 0.23616

[sub_resource type="CapsuleShape3D" id="CapsuleShape3D_qab5p"]
radius = 0.0214275
height = 0.214275

[sub_resource type="CapsuleShape3D" id="CapsuleShape3D_rqaep"]
radius = 0.00198418
height = 0.0198418

[sub_resource type="CapsuleShape3D" id="CapsuleShape3D_krqqc"]
radius = 0.00367677
height = 0.0367677

[sub_resource type="CapsuleShape3D" id="CapsuleShape3D_4k6xl"]
radius = 0.00755657
height = 0.0755657

[sub_resource type="CapsuleShape3D" id="CapsuleShape3D_he42k"]
radius = 0.023616
height = 0.23616

[sub_resource type="CapsuleShape3D" id="CapsuleShape3D_22516"]
radius = 0.0214275
height = 0.214275

[sub_resource type="CapsuleShape3D" id="CapsuleShape3D_hlp15"]
radius = 0.00736239
height = 0.0736239

[sub_resource type="CapsuleShape3D" id="CapsuleShape3D_prwxo"]
radius = 0.00367677
height = 0.0367677

[sub_resource type="CapsuleShape3D" id="CapsuleShape3D_0scu0"]
radius = 0.00607211
height = 0.0607211

[sub_resource type="CapsuleShape3D" id="CapsuleShape3D_mjdfw"]
radius = 0.0329269
height = 0.329269

[sub_resource type="CapsuleShape3D" id="CapsuleShape3D_wyofa"]
radius = 0.0317998
height = 0.317998

[sub_resource type="CapsuleShape3D" id="CapsuleShape3D_pofnj"]
radius = 0.0123701
height = 0.123701

[sub_resource type="CapsuleShape3D" id="CapsuleShape3D_k3xhf"]
radius = 0.00607211
height = 0.0607211

[sub_resource type="CapsuleShape3D" id="CapsuleShape3D_i33m6"]
radius = 0.0329269
height = 0.329269

[sub_resource type="CapsuleShape3D" id="CapsuleShape3D_h3ddw"]
radius = 0.0317998
height = 0.317998

[sub_resource type="CapsuleShape3D" id="CapsuleShape3D_xrdd6"]
radius = 0.0123701
height = 0.123701

[node name="playerLoliRiggedClean" instance=ExtResource("1_uuq8u")]

[node name="Hair1" parent="PlayerSkelIK/Skeleton3D" index="0"]
transform = Transform3D(1, -1.93232e-10, -1.30063e-09, 1.93227e-10, 1, 8.19564e-08, 1.30068e-09, -5.21541e-08, 1, -3.19245e-09, -0.00868893, -0.00466059)

[node name="knife" parent="PlayerSkelIK/Skeleton3D" index="1"]
transform = Transform3D(1.2486, -0.0316922, -0.00381786, -0.00381611, 0.000115974, -1.249, 0.0316923, 1.24861, 1.90476e-05, -0.627972, 1.13352, -0.0409503)

[node name="PhysicalBoneSimulator3D" type="PhysicalBoneSimulator3D" parent="PlayerSkelIK/Skeleton3D" index="26"]

[node name="Physical Bone Spine1" type="PhysicalBone3D" parent="PlayerSkelIK/Skeleton3D/PhysicalBoneSimulator3D" index="0"]
transform = Transform3D(1, 2.38418e-07, 9.9476e-14, -2.20397e-07, 0.924413, -0.381393, -9.09312e-08, 0.381393, 0.924413, 1.18334e-10, 0.797848, -0.00838584)
joint_type = 3
joint_offset = Transform3D(1, 0, 0, 0, 1, 0, 0, 0, 1, 1.71471e-08, -0.0724166, 0.016772)
body_offset = Transform3D(1, 1.84624e-07, -2.3227e-07, -2.3227e-07, 0.974213, -0.225631, 1.84624e-07, 0.225631, 0.974213, 1.1833e-10, 0.0743335, 1.49012e-08)
bone_name = "Spine1"
joint_constraints/angular_limit_enabled = true
joint_constraints/angular_limit_upper = 1.0
joint_constraints/angular_limit_lower = 1.0
joint_constraints/angular_limit_bias = 0.3
joint_constraints/angular_limit_softness = 0.9
joint_constraints/angular_limit_relaxation = 1.0

[node name="CollisionShape3D" type="CollisionShape3D" parent="PlayerSkelIK/Skeleton3D/PhysicalBoneSimulator3D/Physical Bone Spine1" index="0"]
transform = Transform3D(1, 0, 0, 0, 0, 1, 0, -1, 0, 0, 0, 0)
shape = SubResource("CapsuleShape3D_hb5k0")

[node name="Physical Bone Spine2" type="PhysicalBone3D" parent="PlayerSkelIK/Skeleton3D/PhysicalBoneSimulator3D" index="1"]
transform = Transform3D(1, 2.38405e-07, -4.22382e-11, -2.3524e-07, 0.986694, -0.162589, -3.87204e-08, 0.162589, 0.986694, 1.18661e-13, 0.925896, 0.00031836)
joint_type = 3
joint_offset = Transform3D(1, 0, 0, 0, 1, 0, 0, 0, 1, 1.27375e-08, -0.0534263, 0.0122603)
body_offset = Transform3D(1, 1.85077e-07, -2.3242e-07, -2.32374e-07, 0.974664, -0.223675, 1.85134e-07, 0.223675, 0.974664, 0, 0.054815, 5.1409e-07)
bone_name = "Spine2"
joint_constraints/angular_limit_enabled = true
joint_constraints/angular_limit_upper = 1.0
joint_constraints/angular_limit_lower = 1.0
joint_constraints/angular_limit_bias = 0.3
joint_constraints/angular_limit_softness = 0.9
joint_constraints/angular_limit_relaxation = 1.0

[node name="CollisionShape3D" type="CollisionShape3D" parent="PlayerSkelIK/Skeleton3D/PhysicalBoneSimulator3D/Physical Bone Spine2" index="0"]
transform = Transform3D(1, 0, 0, 0, 0, 1, 0, -1, 0, 0, 0, 0)
shape = SubResource("CapsuleShape3D_7dxf4")

[node name="Physical Bone Spine3" type="PhysicalBone3D" parent="PlayerSkelIK/Skeleton3D/PhysicalBoneSimulator3D" index="2"]
transform = Transform3D(1, 2.38418e-07, -8.81073e-13, -2.37317e-07, 0.99538, -0.096019, -2.28918e-08, 0.096019, 0.99538, 1.70245e-14, 1.06744, -0.0166664)
joint_type = 3
joint_offset = Transform3D(1, 0, 0, 0, 1, 0, 0, 0, 1, 2.02976e-08, -0.0851344, 0.0218489)
body_offset = Transform3D(1, 1.7915e-07, -2.30935e-07, -2.30934e-07, 0.968609, -0.248588, 1.79151e-07, 0.248588, 0.968609, -7.81597e-14, 0.0878934, 4.17233e-07)
bone_name = "Spine3"
joint_constraints/angular_limit_enabled = true
joint_constraints/angular_limit_upper = 1.0
joint_constraints/angular_limit_lower = 1.0
joint_constraints/angular_limit_bias = 0.3
joint_constraints/angular_limit_softness = 0.9
joint_constraints/angular_limit_relaxation = 1.0

[node name="CollisionShape3D" type="CollisionShape3D" parent="PlayerSkelIK/Skeleton3D/PhysicalBoneSimulator3D/Physical Bone Spine3" index="0"]
transform = Transform3D(1, 0, 0, 0, 0, 1, 0, -1, 0, 0, 0, 0)
shape = SubResource("CapsuleShape3D_lhpvr")

[node name="Physical Bone Head" type="PhysicalBone3D" parent="PlayerSkelIK/Skeleton3D/PhysicalBoneSimulator3D" index="3"]
transform = Transform3D(-1, -3.99235e-08, 2.59342e-09, 1.64527e-09, 0.0237309, 0.999718, -3.99738e-08, 0.999718, -0.0237309, -1.67401e-09, 0.60666, -0.0192634)
joint_type = 1
joint_offset = Transform3D(1, 0, 0, 0, 1, 0, 0, 0, 1, -7.76961e-11, -3.97861e-06, 0.615461)
body_offset = Transform3D(-1, 1.97994e-07, -1.28617e-08, 4.44089e-16, 0.0648234, 0.997897, 1.98411e-07, 0.997897, -0.0648234, 7.83894e-09, -0.614166, 0.0399002)
bone_name = "Head"
joint_constraints/bias = 0.3
joint_constraints/damping = 1.0
joint_constraints/impulse_clamp = 0.0

[node name="CollisionShape3D" type="CollisionShape3D" parent="PlayerSkelIK/Skeleton3D/PhysicalBoneSimulator3D/Physical Bone Head" index="0"]
transform = Transform3D(1, 0, 0, 0, 0, 1, 0, -1, 0, 0, 0, 0)
shape = SubResource("CapsuleShape3D_mbnvs")

[node name="Physical Bone Shoulder_R" type="PhysicalBone3D" parent="PlayerSkelIK/Skeleton3D/PhysicalBoneSimulator3D" index="4"]
transform = Transform3D(0.0791654, 0.123297, 0.989207, -0.406805, -0.901938, 0.144976, 0.910079, -0.413891, -0.0212444, -0.0851451, 1.14357, -0.0339922)
joint_type = 1
joint_offset = Transform3D(1, 0, 0, 0, 1, 0, 0, 0, 1, 6.52281e-06, 1.58896e-05, 0.0377835)
body_offset = Transform3D(-0.343044, -0.938084, -0.04815, -4.28946e-07, 0.0512607, -0.998685, 0.939319, -0.342593, -0.0175851, 0.00183642, 0.037733, 0.000663742)
bone_name = "Shoulder.R"
joint_constraints/bias = 0.3
joint_constraints/damping = 1.0
joint_constraints/impulse_clamp = 0.0

[node name="CollisionShape3D" type="CollisionShape3D" parent="PlayerSkelIK/Skeleton3D/PhysicalBoneSimulator3D/Physical Bone Shoulder_R" index="0"]
transform = Transform3D(1, 0, 0, 0, 0, 1, 0, -1, 0, 0, 0, 0)
shape = SubResource("CapsuleShape3D_5oycf")

[node name="Physical Bone UpArm_R" type="PhysicalBone3D" parent="PlayerSkelIK/Skeleton3D/PhysicalBoneSimulator3D" index="5"]
transform = Transform3D(0.995861, 0.0804957, 0.0422119, 0.0379357, 0.0539337, -0.997824, -0.0825971, 0.995295, 0.0506567, -0.240441, 1.1392, -0.0391713)
joint_type = 3
joint_offset = Transform3D(1, 0, 0, 0, 1, 0, 0, 0, 1, 0.116899, 0.015385, 0.00639798)
body_offset = Transform3D(0.0582653, -0.0273616, -0.997926, -0.989991, -0.130293, -0.0542296, -0.128539, 0.991098, -0.0346793, -5.48363e-06, 0.11808, -5.21541e-08)
bone_name = "UpArm.R"
joint_constraints/angular_limit_enabled = true
joint_constraints/angular_limit_upper = 90.0
joint_constraints/angular_limit_lower = -90.0
joint_constraints/angular_limit_bias = 0.3
joint_constraints/angular_limit_softness = 0.9
joint_constraints/angular_limit_relaxation = 1.0

[node name="CollisionShape3D" type="CollisionShape3D" parent="PlayerSkelIK/Skeleton3D/PhysicalBoneSimulator3D/Physical Bone UpArm_R" index="0"]
transform = Transform3D(1, 0, 0, 0, 0, 1, 0, -1, 0, 0, 0, 0)
shape = SubResource("CapsuleShape3D_16fmk")

[node name="Physical Bone DownArm_R" type="PhysicalBone3D" parent="PlayerSkelIK/Skeleton3D/PhysicalBoneSimulator3D" index="6"]
transform = Transform3D(0.983088, -0.00202618, -0.183125, -0.183017, -0.0468692, -0.981992, -0.00659322, 0.998899, -0.0464473, -0.46532, 1.14407, -0.040177)
joint_type = 3
joint_offset = Transform3D(1, 0, 0, 0, 1, 0, 0, 0, 1, 0.105865, -0.00501232, -0.015685)
body_offset = Transform3D(-0.148829, -0.0534985, -0.987415, -0.988119, 0.046784, 0.146401, 0.038363, 0.997472, -0.0598256, 0, 0.107137, 0)
bone_name = "DownArm.R"
joint_constraints/angular_limit_enabled = true
joint_constraints/angular_limit_upper = 90.0
joint_constraints/angular_limit_lower = -90.0
joint_constraints/angular_limit_bias = 0.3
joint_constraints/angular_limit_softness = 0.9
joint_constraints/angular_limit_relaxation = 1.0

[node name="CollisionShape3D" type="CollisionShape3D" parent="PlayerSkelIK/Skeleton3D/PhysicalBoneSimulator3D/Physical Bone DownArm_R" index="0"]
transform = Transform3D(1, 0, 0, 0, 0, 1, 0, -1, 0, 0, 0, 0)
shape = SubResource("CapsuleShape3D_qab5p")

[node name="Physical Bone Hand_R" type="PhysicalBone3D" parent="PlayerSkelIK/Skeleton3D/PhysicalBoneSimulator3D" index="7"]
transform = Transform3D(0.106531, -0.994, -0.0247995, -0.993982, -0.105823, -0.0282908, 0.0254967, 0.0276641, -0.999292, -0.572031, 1.1481, -0.0252873)
joint_type = 3
joint_offset = Transform3D(1, 0, 0, 0, 1, 0, 0, 0, 1, 1.24596e-05, 8.24919e-07, 0.00992082)
body_offset = Transform3D(0.999896, 0.00119661, -0.0144015, -4.19095e-09, 0.996566, 0.082804, 0.014451, -0.0827953, 0.996462, 0.000130415, -0.000822306, -0.00988583)
bone_name = "Hand.R"
joint_constraints/angular_limit_enabled = false
joint_constraints/angular_limit_upper = 90.0
joint_constraints/angular_limit_lower = -90.0
joint_constraints/angular_limit_bias = 0.3
joint_constraints/angular_limit_softness = 0.9
joint_constraints/angular_limit_relaxation = 1.0

[node name="CollisionShape3D" type="CollisionShape3D" parent="PlayerSkelIK/Skeleton3D/PhysicalBoneSimulator3D/Physical Bone Hand_R" index="0"]
transform = Transform3D(1, 0, 0, 0, 0, 1, 0, -1, 0, 0, 0, 0)
shape = SubResource("CapsuleShape3D_rqaep")

[node name="Physical Bone Thumb2_R" type="PhysicalBone3D" parent="PlayerSkelIK/Skeleton3D/PhysicalBoneSimulator3D" index="8"]
transform = Transform3D(-0.204378, 0.176848, 0.962785, 0.968481, -0.106533, 0.225156, 0.142387, 0.978456, -0.1495, -0.619969, 1.12503, 0.00924631)
joint_type = 1
joint_offset = Transform3D(1, 0, 0, 0, 1, 0, 0, 0, 1, -1.01608e-07, -7.88889e-08, 0.018384)
body_offset = Transform3D(1, -4.32134e-07, -9.574e-07, -8.81031e-07, -4.47035e-08, -1, 3.72529e-07, 1, 2.38419e-07, 1.19209e-07, 0.018384, 7.45058e-08)
bone_name = "Thumb2.R"
joint_constraints/bias = 0.3
joint_constraints/damping = 1.0
joint_constraints/impulse_clamp = 0.0

[node name="CollisionShape3D" type="CollisionShape3D" parent="PlayerSkelIK/Skeleton3D/PhysicalBoneSimulator3D/Physical Bone Thumb2_R" index="0"]
transform = Transform3D(1, 0, 0, 0, 0, 1, 0, -1, 0, 0, 0, 0)
shape = SubResource("CapsuleShape3D_krqqc")

[node name="Physical Bone Shoulder_L" type="PhysicalBone3D" parent="PlayerSkelIK/Skeleton3D/PhysicalBoneSimulator3D" index="9"]
transform = Transform3D(0.0791653, -0.123295, -0.989207, 0.40681, -0.901936, 0.144974, -0.910076, -0.413896, -0.0212444, 0.0851428, 1.14356, -0.0339923)
joint_type = 1
joint_offset = Transform3D(1, 0, 0, 0, 1, 0, 0, 0, 1, -3.46889e-06, 9.00695e-06, 0.0377823)
body_offset = Transform3D(-0.34305, 0.938082, 0.0481514, -4.82036e-07, 0.0512619, -0.998685, -0.939317, -0.342599, -0.0175849, -0.00182891, 0.0377322, 0.000664227)
bone_name = "Shoulder.L"
joint_constraints/bias = 0.3
joint_constraints/damping = 1.0
joint_constraints/impulse_clamp = 0.0

[node name="CollisionShape3D" type="CollisionShape3D" parent="PlayerSkelIK/Skeleton3D/PhysicalBoneSimulator3D/Physical Bone Shoulder_L" index="0"]
transform = Transform3D(1, 0, 0, 0, 0, 1, 0, -1, 0, 0, 0, 0)
shape = SubResource("CapsuleShape3D_4k6xl")

[node name="Physical Bone UpArm_L" type="PhysicalBone3D" parent="PlayerSkelIK/Skeleton3D/PhysicalBoneSimulator3D" index="10"]
transform = Transform3D(-0.996582, 0.0825528, 0.00296933, -0.00122651, -0.050729, 0.998712, 0.0825971, 0.995295, 0.0506569, 0.24044, 1.1392, -0.0391717)
joint_type = 3
joint_offset = Transform3D(1, 0, 0, 0, 1, 0, 0, 0, 1, 0.118016, -0.00372439, -0.00117075)
body_offset = Transform3D(-0.00560649, 0.13389, -0.99098, -0.999453, 0.0315411, 0.00991589, 0.0325843, 0.990494, 0.13364, 1.19209e-07, 0.11808, -1.49012e-08)
bone_name = "UpArm.L"
joint_constraints/angular_limit_enabled = true
joint_constraints/angular_limit_upper = 90.0
joint_constraints/angular_limit_lower = -90.0
joint_constraints/angular_limit_bias = 0.3
joint_constraints/angular_limit_softness = 0.9
joint_constraints/angular_limit_relaxation = 1.0

[node name="CollisionShape3D" type="CollisionShape3D" parent="PlayerSkelIK/Skeleton3D/PhysicalBoneSimulator3D/Physical Bone UpArm_L" index="0"]
transform = Transform3D(1, 0, 0, 0, 0, 1, 0, -1, 0, 0, 0, 0)
shape = SubResource("CapsuleShape3D_he42k")

[node name="Physical Bone DownArm_L" type="PhysicalBone3D" parent="PlayerSkelIK/Skeleton3D/PhysicalBoneSimulator3D" index="11"]
transform = Transform3D(-0.999917, 0.00710483, 0.0107852, 0.0111033, 0.0463721, 0.998863, 0.00659662, 0.998899, -0.0464472, 0.465319, 1.14408, -0.0401762)
joint_type = 3
joint_offset = Transform3D(1, 0, 0, 0, 1, 0, 0, 0, 1, 0.106873, -0.00590544, -0.00466778)
body_offset = Transform3D(-0.0456669, -0.0395092, -0.998175, -0.997534, 0.0551069, 0.0434564, 0.0532894, 0.997699, -0.0419283, -1.20401e-05, 0.107137, 9.574e-07)
bone_name = "DownArm.L"
joint_constraints/angular_limit_enabled = true
joint_constraints/angular_limit_upper = 90.0
joint_constraints/angular_limit_lower = -90.0
joint_constraints/angular_limit_bias = 0.3
joint_constraints/angular_limit_softness = 0.9
joint_constraints/angular_limit_relaxation = 1.0

[node name="CollisionShape3D" type="CollisionShape3D" parent="PlayerSkelIK/Skeleton3D/PhysicalBoneSimulator3D/Physical Bone DownArm_L" index="0"]
transform = Transform3D(1, 0, 0, 0, 0, 1, 0, -1, 0, 0, 0, 0)
shape = SubResource("CapsuleShape3D_22516")

[node name="Physical Bone Hand_L" type="PhysicalBone3D" parent="PlayerSkelIK/Skeleton3D/PhysicalBoneSimulator3D" index="12"]
transform = Transform3D(-0.433347, -0.900443, -0.0375803, 0.90001, -0.43022, -0.0699413, 0.0468104, -0.0641315, 0.996843, 0.607185, 1.15038, -0.0238037)
joint_type = 3
joint_offset = Transform3D(1, 0, 0, 0, 1, 0, 0, 0, 1, 0.0122768, 0.0332717, -0.00986911)
body_offset = Transform3D(0.846581, -0.520071, -0.113258, -0.529764, -0.843899, -0.084766, -0.0514936, 0.131761, -0.989943, 0.00579262, 0.0337452, -0.0135216)
bone_name = "Hand.L"
joint_constraints/angular_limit_enabled = false
joint_constraints/angular_limit_upper = 90.0
joint_constraints/angular_limit_lower = -90.0
joint_constraints/angular_limit_bias = 0.3
joint_constraints/angular_limit_softness = 0.9
joint_constraints/angular_limit_relaxation = 1.0

[node name="CollisionShape3D" type="CollisionShape3D" parent="PlayerSkelIK/Skeleton3D/PhysicalBoneSimulator3D/Physical Bone Hand_L" index="0"]
transform = Transform3D(1, 0, 0, 0, 0, 1, 0, -1, 0, 0, 0, 0)
shape = SubResource("CapsuleShape3D_hlp15")

[node name="Physical Bone Thumb2_L" type="PhysicalBone3D" parent="PlayerSkelIK/Skeleton3D/PhysicalBoneSimulator3D" index="13"]
transform = Transform3D(-0.204383, -0.176847, -0.962784, -0.96848, -0.106533, 0.22516, -0.142387, 0.978456, -0.149499, 0.61997, 1.12502, 0.0092461)
joint_type = 1
joint_offset = Transform3D(1, 0, 0, 0, 1, 0, 0, 0, 1, -1.71527e-06, -8.73811e-08, 0.0183848)
body_offset = Transform3D(1, -3.8743e-07, -3.96371e-06, -4.07547e-06, 3.57628e-07, -1, 3.72529e-07, 1, 7.00355e-07, 1.78814e-06, 0.0183848, 7.45058e-08)
bone_name = "Thumb2.L"
joint_constraints/bias = 0.3
joint_constraints/damping = 1.0
joint_constraints/impulse_clamp = 0.0

[node name="CollisionShape3D" type="CollisionShape3D" parent="PlayerSkelIK/Skeleton3D/PhysicalBoneSimulator3D/Physical Bone Thumb2_L" index="0"]
transform = Transform3D(1, 0, 0, 0, 0, 1, 0, -1, 0, 0, 0, 0)
shape = SubResource("CapsuleShape3D_prwxo")

[node name="Physical Bone Pelvis_R" type="PhysicalBone3D" parent="PlayerSkelIK/Skeleton3D/PhysicalBoneSimulator3D" index="14"]
transform = Transform3D(-0.00790151, -0.537696, 0.843102, -0.033923, 0.842787, 0.537178, -0.999393, -0.024356, -0.0248996, -0.0474565, 0.751585, -0.0130952)
joint_type = 1
joint_offset = Transform3D(1, 0, 0, 0, 1, 0, 0, 0, 1, 9.31323e-10, 5.58794e-09, 0.0303606)
body_offset = Transform3D(0.999394, 0.0243557, 0.0248993, 8.02569e-10, 0.714867, -0.69926, -0.0348307, 0.698836, 0.714433, -0.000755956, 0.0212299, -0.0216906)
bone_name = "Pelvis.R"
joint_constraints/bias = 0.3
joint_constraints/damping = 1.0
joint_constraints/impulse_clamp = 0.0

[node name="CollisionShape3D" type="CollisionShape3D" parent="PlayerSkelIK/Skeleton3D/PhysicalBoneSimulator3D/Physical Bone Pelvis_R" index="0"]
transform = Transform3D(1, 0, 0, 0, 0, 1, 0, -1, 0, 0, 0, 0)
shape = SubResource("CapsuleShape3D_0scu0")

[node name="Physical Bone Thigh_R" type="PhysicalBone3D" parent="PlayerSkelIK/Skeleton3D/PhysicalBoneSimulator3D" index="15"]
transform = Transform3D(-0.0557494, 0.0733625, -0.995746, 0.998356, -0.00922384, -0.0565751, -0.0133351, -0.997263, -0.0727277, -0.0752489, 0.571092, -0.000365578)
joint_type = 3
joint_offset = Transform3D(1, 0, 0, 0, 1, 0, 0, 0, 1, 0.163951, 0.0105875, -0.0106039)
body_offset = Transform3D(-0.0698781, 0.0867788, -0.993774, -0.995849, -0.064309, 0.0644085, -0.0583193, 0.99415, 0.0909124, -7.45058e-09, 0.164635, -3.72529e-09)
bone_name = "Thigh.R"
joint_constraints/angular_limit_enabled = true
joint_constraints/angular_limit_upper = 90.0
joint_constraints/angular_limit_lower = -90.0
joint_constraints/angular_limit_bias = 0.3
joint_constraints/angular_limit_softness = 0.9
joint_constraints/angular_limit_relaxation = 1.0

[node name="CollisionShape3D" type="CollisionShape3D" parent="PlayerSkelIK/Skeleton3D/PhysicalBoneSimulator3D/Physical Bone Thigh_R" index="0"]
transform = Transform3D(0.0613026, 0.994487, 0.0850772, -0.060106, -0.0814046, 0.994867, 0.996308, -0.0661015, 0.0547843, 0, 0, 0)
shape = SubResource("CapsuleShape3D_mjdfw")

[node name="Physical Bone Shin_R" type="PhysicalBone3D" parent="PlayerSkelIK/Skeleton3D/PhysicalBoneSimulator3D" index="16"]
transform = Transform3D(-0.0966002, -0.037247, -0.994626, 0.995156, 0.0146952, -0.097202, 0.0182367, -0.999198, 0.035647, -0.0745405, 0.248033, 0.00594057)
joint_type = 3
joint_offset = Transform3D(1, 0, 0, 0, 1, 0, 0, 0, 1, 0.158489, -0.00322009, -0.0123528)
body_offset = Transform3D(-0.078726, -0.0551993, -0.995367, -0.99677, 0.020255, 0.0777137, 0.0158715, 0.99827, -0.0566156, 3.8147e-06, 0.159002, -2.90573e-07)
bone_name = "Shin.R"
joint_constraints/angular_limit_enabled = true
joint_constraints/angular_limit_upper = 0.0
joint_constraints/angular_limit_lower = -90.0
joint_constraints/angular_limit_bias = 0.3
joint_constraints/angular_limit_softness = 0.9
joint_constraints/angular_limit_relaxation = 1.0

[node name="CollisionShape3D" type="CollisionShape3D" parent="PlayerSkelIK/Skeleton3D/PhysicalBoneSimulator3D/Physical Bone Shin_R" index="0"]
transform = Transform3D(-0.0308759, 0.998041, -0.0544206, 0.0168387, 0.0549582, 0.998347, 0.999381, 0.0299085, -0.0185026, 0, 0, 0)
shape = SubResource("CapsuleShape3D_wyofa")

[node name="Physical Bone Foot_R" type="PhysicalBone3D" parent="PlayerSkelIK/Skeleton3D/PhysicalBoneSimulator3D" index="17"]
transform = Transform3D(0.999959, -0.00907522, 9.23042e-09, -0.007622, -0.839834, 0.542789, -0.00492593, -0.542767, -0.839869, -0.071645, 0.0555931, 0.0522192)
joint_type = 1
joint_offset = Transform3D(1, 0, 0, 0, 1, 0, 0, 0, 1, 3.76198e-07, 2.9065e-07, 0.0618507)
body_offset = Transform3D(1, -2.38884e-07, 1.81608e-07, 1.7276e-07, 8.9407e-08, -1, 1.68802e-07, 1, 1.19209e-07, -3.8743e-07, 0.0618507, -2.98023e-07)
bone_name = "Foot.R"
joint_constraints/bias = 0.3
joint_constraints/damping = 1.0
joint_constraints/impulse_clamp = 0.0

[node name="CollisionShape3D" type="CollisionShape3D" parent="PlayerSkelIK/Skeleton3D/PhysicalBoneSimulator3D/Physical Bone Foot_R" index="0"]
transform = Transform3D(1, 0, 0, 0, 0, 1, 0, -1, 0, 0, 0, 0)
shape = SubResource("CapsuleShape3D_pofnj")

[node name="Physical Bone Pelvis_L" type="PhysicalBone3D" parent="PlayerSkelIK/Skeleton3D/PhysicalBoneSimulator3D" index="18"]
transform = Transform3D(-0.00790145, 0.537696, -0.843102, 0.033923, 0.842787, 0.537178, 0.999393, -0.0243561, -0.0248995, 0.0474561, 0.751588, -0.0130952)
joint_type = 1
joint_offset = Transform3D(1, 0, 0, 0, 1, 0, 0, 0, 1, -1.24797e-07, -2.71387e-06, 0.0303583)
body_offset = Transform3D(0.999393, -0.0243556, -0.0248992, 7.10196e-09, 0.714867, -0.69926, 0.0348306, 0.698836, 0.714433, 0.000755956, 0.0212303, -0.0216871)
bone_name = "Pelvis.L"
joint_constraints/bias = 0.3
joint_constraints/damping = 1.0
joint_constraints/impulse_clamp = 0.0

[node name="CollisionShape3D" type="CollisionShape3D" parent="PlayerSkelIK/Skeleton3D/PhysicalBoneSimulator3D/Physical Bone Pelvis_L" index="0"]
transform = Transform3D(1, 0, 0, 0, 0, 1, 0, -1, 0, 0, 0, 0)
shape = SubResource("CapsuleShape3D_k3xhf")

[node name="Physical Bone Thigh_L" type="PhysicalBone3D" parent="PlayerSkelIK/Skeleton3D/PhysicalBoneSimulator3D" index="19"]
transform = Transform3D(0.00722897, 0.0728277, -0.997318, 0.999885, 0.012773, 0.0081803, 0.0133345, -0.997263, -0.072727, 0.0752491, 0.571092, -0.00036538)
joint_type = 1
joint_offset = Transform3D(1, 0, 0, 0, 1, 0, 0, 0, 1, 0.16399, 0.0138783, 0.00440354)
body_offset = Transform3D(0.0217447, 0.0596989, -0.99798, -0.996082, -0.0842963, -0.0267458, -0.0857227, 0.994651, 0.057632, 2.23517e-07, 0.164635, -1.71363e-07)
bone_name = "Thigh.L"
joint_constraints/bias = 0.3
joint_constraints/damping = 1.0
joint_constraints/impulse_clamp = 0.0

[node name="CollisionShape3D" type="CollisionShape3D" parent="PlayerSkelIK/Skeleton3D/PhysicalBoneSimulator3D/Physical Bone Thigh_L" index="0"]
transform = Transform3D(0.243512, -0.966543, -0.0806017, 0.0604787, -0.0678098, 0.995864, -0.96801, -0.24738, 0.0419427, 0, 0, 0)
shape = SubResource("CapsuleShape3D_i33m6")

[node name="Physical Bone Shin_L" type="PhysicalBone3D" parent="PlayerSkelIK/Skeleton3D/PhysicalBoneSimulator3D" index="20"]
transform = Transform3D(-0.999329, 0.0193488, 0.0310979, -0.0317627, -0.035057, -0.99888, -0.0182369, -0.999198, 0.035648, 0.0745469, 0.248084, 0.00594233)
joint_type = 3
joint_offset = Transform3D(1, 0, 0, 0, 1, 0, 0, 0, 1, -0.00804333, -0.0111731, -0.158354)
body_offset = Transform3D(-0.998117, 0.0381823, 0.0480139, 0.0506128, 0.0702937, 0.996242, 0.0346637, 0.996795, -0.0720937, 1.62423e-06, 0.158952, -2.90573e-07)
bone_name = "Shin.L"
joint_constraints/angular_limit_enabled = true
joint_constraints/angular_limit_upper = 0.0
joint_constraints/angular_limit_lower = -90.0
joint_constraints/angular_limit_bias = 0.3
joint_constraints/angular_limit_softness = 0.9
joint_constraints/angular_limit_relaxation = 1.0

[node name="CollisionShape3D" type="CollisionShape3D" parent="PlayerSkelIK/Skeleton3D/PhysicalBoneSimulator3D/Physical Bone Shin_L" index="0"]
transform = Transform3D(1, 0, 0, 0, 0, 1, 0, -1, 0, 0, 0, 0)
shape = SubResource("CapsuleShape3D_h3ddw")

[node name="Physical Bone Foot_L" type="PhysicalBone3D" parent="PlayerSkelIK/Skeleton3D/PhysicalBoneSimulator3D" index="21"]
transform = Transform3D(0.999959, 0.00907496, 1.03448e-07, 0.00762172, -0.839834, 0.542789, 0.00492587, -0.542767, -0.839869, 0.0716455, 0.0555929, 0.0522196)
joint_type = 1
joint_offset = Transform3D(1, 0, 0, 0, 1, 0, 0, 0, 1, -8.84554e-07, 3.68842e-07, 0.061851)
body_offset = Transform3D(1, -7.72998e-08, 8.70787e-08, 3.0268e-08, 0, -1, 0, 1, 5.96046e-08, 8.79169e-07, 0.061851, -3.72529e-07)
bone_name = "Foot.L"
joint_constraints/bias = 0.3
joint_constraints/damping = 1.0
joint_constraints/impulse_clamp = 0.0

[node name="CollisionShape3D" type="CollisionShape3D" parent="PlayerSkelIK/Skeleton3D/PhysicalBoneSimulator3D/Physical Bone Foot_L" index="0"]
transform = Transform3D(1, 0, 0, 0, 0, 1, 0, -1, 0, 0, 0, 0)
shape = SubResource("CapsuleShape3D_xrdd6")
